serie-ar3
1.690525703800356
0.37932548135934524
-0.28467480678184975
0.6585389463378861
-0.260453469014437
-0.41112528753719113
0.06924469497916999
-1.6749004132990095
0.03609680425908013
1.1417904505325431
-0.5678329139679149
-0.7871728120617175
0.6245999775160302
0.1167455429945089
-0.6079081440486165
-1.6048391541586424
-0.030443159074495796
0.4077386287827983
0.006010439626118802
-1.6549738484139689
0.943731223726495
1.1244964337316319
-0.6045032480627113
1.672591033728215
1.3096093915417644
-1.4790022879129705
-1.0358345067282366
-1.9696488514994204
-0.06837821076187578
-0.17051912046960127
-1.3981942776606318
0.40401526565749724
-1.0807654094197812
-0.5456162113792382
-1.891788706287611
-1.7685984522227773
-1.6846673232386093
0.5826848893747691
2.032323983921468
0.0065425762636555085
0.4091128019113538
0.6323044220006703
0.7634430306340075
-0.4380731671312559
-1.966717369322685
-2.4260024838115046
-0.3712861294908117
2.1997375224089395
0.752865485416149
-0.9194789722627033
1.886340987298426
1.682175677590062
0.10077583613830769
0.36421524653698056
0.5241503781371694
-0.12643297463989758
-1.5461604928355595
-0.07628111740361887
0.29300224631699495
0.898623232872926
-0.030291861127567488
-2.103202105061031
-0.872537156225232
1.885141791814104
0.18994828832479976
-1.6221864012701501
-1.4961270718464668
-1.2544399401201218
-0.9652315056873289
-1.7351039858197732
0.5433245923578589
0.21998880414328237
-0.46488579988691825
1.3027973572546705
2.3601795802533063
0.43705187596661577
0.23328548657221537
1.4286076389494746
0.582578275943277
-1.845320360700048
-0.014145667745054658
1.6156490619410029
0.6739747373820141
-1.0754957069280278
-0.4512728684042827
-0.29156511977226546
-0.6327606487710837
0.9325925437515259
2.098234563968564
1.2489295176371602
0.8235172725317982
1.343179139721206
0.7869710567857685
0.16192350674899564
-0.4258210091209449
-0.08126368959951448
2.395638496587486
1.9634913816911397
-0.10344198843739344
-0.3940035118833142
-0.44141173648884297
0.24083293852693033
0.5261846301477044
-1.3847027444318178
-0.29162168246043885
-0.14201689937485978
1.0277883883699923
0.6258567429635062
1.6797168348185327
0.5023111181452029
-0.35298633500468785
0.4765368997695548
1.5508059849942832
1.0924285106922746
-1.009590413948844
-0.18438126306905275
0.5606597843983698
-0.3963014466207445
-1.069768330442959
1.499781443432899
0.5615443055015504
-1.33601541653979
0.25057626592195004
0.8251790268356303
-0.13920185762662465
0.539320053963076
1.0475997082129
0.6824332815806325
1.1529332289067782
0.9696529662778595
-0.2732454501493867
-0.44392087470574126
-0.3700632477290087
0.07589306047900257
-1.062195652104224
-2.4973106852430917
-0.8190738042481822
-1.3155229421381252
-3.1132106339126606
-1.0343397917726593
-0.6889167844775097
-0.47199422264167934
-0.8704777654340237
-1.6222780394733407
-1.9351114707549828
-1.2569428758694072
-0.8080042147959907
-1.4309127698798616
-1.1312458960753746
-1.9148526777250008
-1.03283745602757
-2.074985435319276
-1.4959536011230985
0.26196170300553845
1.0492101034887389
1.71161070737487
-0.9366568133062172
0.09167661273553773
2.046600756687942
1.695357335369411
-0.6681223906072543
0.1831086622079111
2.6606539211241005
-0.42231599763909444
-0.47808387623715176
1.798139523169465
0.21920910950554617
0.00970783821674348
-0.5923594647873232
-1.0455379324387597
-1.1592290221470072
-0.2513532719591536
-0.18255057509987038
0.5904771951157736
-0.6656813257388396
-0.6960246440266117
0.9899116978565843
1.0648360166495694
-1.2980042298214052
-0.006275725590886627
0.2272963313412832
0.11151615229613526
0.28636687409132494
1.3972363747278358
0.7627229105607297
-1.8057052664182947
-2.0823583129382097
0.4605036820519932
0.054931421744360054
0.4025861724691824
0.5964035822579055
-0.55516037003402
0.7466813517695878
-0.0885878199567891
-2.487481934794821
1.0706353351833506
-0.655762975579111
-0.7589038098036879
1.0773193572855673
0.7166677920117488
-1.8759298977589907
0.18524545616354038
-0.571141681625473
-2.2475520118799626
-1.2585281772682437
0.6621635845592223
0.33448854762688907
0.401805031052723
-0.14443880394098202
-0.26459763355420085
-1.105562454444188
-0.8335990315608043
0.4286180822964896
-0.1671080396918899
0.013240400811482256
-0.3879362145472643
-0.8404642322143954
-0.2607104817719904
-0.18947833839414646
0.3237199482716633
0.31878057272843874
1.7457770957573007
0.6548758560306168
-0.3279136786496509
-0.8768175311920158
-0.1207939377727415
0.787103125548538
-0.573551156657875
-0.6088169600849491
0.8223445647992862
0.29484287441707374
-0.8010643214049599
0.730811497192387
0.791197472899068
0.33260049661321245
1.3195779058051205
1.9426839642579496
0.3280445768973798
-0.5483392485600775
0.49453112526026355
0.3773931750285694
-2.024025843914165
0.2984901977783133
0.8890321320712335
0.48413922017633937
-1.1080095344798762
0.8556666650869237
0.31721515287801993
-0.5381623569043575
-1.5089703945168846
-0.6648216810553166
-0.2709723619346719
-0.574091334157526
0.0333042799408626
0.1679336795057901
0.8775307806184602
-0.06978161521163423
-1.2437858466539822
-0.3568055961980244
0.8021665076374759
1.379630951649776
1.1560452802381764
-1.3606573607429286
-0.2361946208877685
2.0972852547716814
0.7738801717759729
-0.8291463769518749
0.29160918911573436
0.12347057495512626
0.3646217835613341
0.21975800457123212
1.430533769700257
1.25822876703809
-0.458003032615326
0.42732126837445406
1.6645418743143625
-0.0017822079345174435
-0.7978516882443618
-2.2042118930487242
0.040120886534026456
-0.14578587924147118
-2.868542245528252
-3.1472707931111668
-0.9797586431150505
0.3543992131484557
-0.562118657234631
-0.20952892636958564
-0.931308728794938
-1.9127969107294627
0.14585629202934547
0.8595190597698482
-0.21834528088412616
0.9588211542535083
-0.1484205787647841
-0.8476265417310438
0.9347305798527321
2.514921471014369
0.7311791989985844
1.5710517397521306
0.718137936537492
0.4368570541704086
0.3004790850327825
-1.3536246491638777
-0.37792609879779315
1.2400177639784928
0.17903229293820777
-0.4663221376202329
1.4780618894312891
-0.31707629631723955
-2.2394416747013537
-1.235218526206271
-1.2375224356586976
0.4262611140817131
0.5235108474111037
-1.10147274539105
-1.1943904561745988
2.751367040476105
0.7934687873797389
-1.5490175228566478
0.11716788442946174
1.399582294960144
0.42161736386871146
-1.0825415076982348
-1.4070683445855823
0.3438540424255778
0.21509488625644788
-2.059162243213743
0.18004761857794027
1.547629958640521
-0.13890219532287967
-0.7399897223570897
0.3674245734029792
-0.32297069857851746
-1.8420220981772062
-0.3913747108353618
-1.17905850675133
-0.6339966662891563
-1.521900663220726
-1.0236781140418194
-0.38111239649662443
1.4426062966390711
-0.5358498765279425
-2.229986364962
-1.167633636303711
-1.1993082980757102
-1.508122433717606
-0.3237578395525606
0.7027427499186387
1.6556232726768845
-0.2168127120826846
2.2442682891316816
3.6660502704782605
0.8911740348245518
-2.272367556086503
-0.3868332132317471
0.8281535542924725
-2.450832403619393
-1.5160803744920208
0.025501337300833232
-1.0533862245374837
-0.36253842797612645
1.1477454346906655
-0.11955884668876826
-0.2833848215984439
-0.41629299346535764
-0.9456042274483862
-0.3534329415941245
0.5054984584674773
-0.48819501524388165
-2.7154466892888394
-0.4738304598468003
-1.1652975409780506
-1.13313501608784
1.419898847519891
0.6834711209878198
-1.6139246032469816
-2.0472130302821285
0.8360737274735451
0.5310748963349825
-0.059710087217166086
0.9879464036759513
0.6222064030650398
-0.31179798437279344
-0.9935246891864914
-3.2990657940795565
-2.9630153795571075
-0.8594388650673643
-0.70579657318737
-0.5804113678850733
-0.4629852097145033
-0.10975065396914507
0.6976956172049898
-0.6421674967008533
-0.8504755288566295
-1.6304916620695173
0.2201393666051119
0.3824924442016184
0.12587905063034754
1.556716752305176
1.9348882396778913
0.4781913663178153
0.9133295785601647
-0.5380302633311851
0.03435285100108326
0.59149445303342
-1.494236716978424
0.4230591888385915
0.13317176916606788
0.17462583256012587
-0.24565578940847646
0.8582787762236526
1.867485638202001
-0.22748702865927628
-1.9469042668024787
-0.47637038295547485
1.1265566169925048
-0.2491940192665823
-1.2189986935741293
0.2915081002066416
-2.3248220156748056
-2.2802786194553577
-1.7390365764675506
-0.5880676032540672
-1.1926557053276183
-2.0567862027488806
-1.200847844663738
-1.8095931952010569
-1.174701848420362
-1.0870996696795607
-1.1114362756500837
-1.2991368878183023
0.26999543873448084
0.08245422117170831
0.09499924527926151
0.5835473354196221
-0.5181407930587243
0.16433852488295864
0.7617841752272054
0.4897968604082175
-0.3330285465036592
-0.5117621695191734
0.776518518852084
2.623838913529391
0.09530809330302992
0.027906135972319945
0.406259785811013
1.0082070794066251
0.8289107520998374
1.293996737391109
-2.093997494866991
-1.7876072213372933
-0.8655905592560903
-0.6327000330163335
-1.3168207961842402
-1.3692531135038464
0.2024694922901002
2.0188925857407645
-2.285901055229191
-1.9983274622565619
0.6043281530652671
0.22062509819469617
-1.0156192207490926
-1.746166247820466
-1.4448821848697508
0.22170498889100176
1.0962297358667406
0.1448132989694409
-1.026123144655866
-0.131925671692237
0.04527831921879494
0.2999845377871764
0.2151301893050267
-0.590636286715659
-0.07918877353413278
-0.9772691276535665
0.17794310107633116
1.540730883603665
-0.7547022956397109
-0.36514051762536276
-0.4852025634456476
0.7122145456520472
1.2962445046061315
0.05871897462914419
0.8490842090715531
0.3647086074877329
-0.6977650980908194
-0.7722897631592989
-0.20825357279009002
-0.40518101051850564
-0.2174563759424502
-0.6647085008549173
0.37602446424419234
1.3431571203993091
-0.1365032579442167
-1.7855661861158039
0.27498825564462137
1.7707696206056256
0.10397008358986173
-1.683266425135536
-0.07483243374994114
2.023422864750397
-1.3471453610709723
-0.8251235744263806
0.28497414189867465
-0.8697932494255751
-0.26972639526826003
-1.0872628641952495
-0.4267067789712964
1.3451665002017805
0.6511057730701661
-1.082331525729641
-2.112256258914492
-1.8180551221241605
-2.441272271001626
0.290735953392409
0.08284862042835336
-1.8233421864992994
-2.147513604038873
-1.5691448745035337
-1.0231638837929347
-1.9677031751486849
0.5286617095028856
-0.1996967488328909
-1.6313407335133308
-0.2894046596004746
1.7353752218013554
1.789082837119076
-0.2007118728630935
0.13895980142171385
0.8157137631905765
0.8358498708169895
0.4706033808998361
-0.7145675246021786
-1.5078999363765493
-0.22274314942788156
-1.0569099680914689
0.4492213684357256
0.5147905414878736
-1.2205216929264677
-0.9515664504022308
-0.46249684446103434
-0.4431748156520731
0.577540560041188
-1.1614542610446468
-2.754518478482016
-0.5175098398965805
0.04188147795827202
-0.4869368145088224
0.03326073384280037
-0.0057725227481658925
