serie-ejemplo
10.74507122951685
11.605103548243223
14.353102667558245
16.659544784612038
14.246846149268311
13.71129456457623
15.368819223261088
12.963652093729364
10.264699507852036
11.688840065378947
11.057278196589662
12.863905369644613
16.36294340734905
15.692579633013302
18.09323121731431
21.03156870613854
20.377867636528343
21.283870998892912
17.637963886718182
14.944044447997067
17.868346134460136
15.036335549270197
16.55465893716358
16.67537772067981
21.183425913212222
25.4788838845648
26.25315570562707
29.938547027518506
28.295194387828428
27.124959375310084
24.097440081655918
25.090917276763413
20.350589038294252
18.288433606566148
22.388145892609824
22.231234525043465
28.31329539250713
29.12299481418033
33.286405104089525
37.17029185380368
37.6028903983764
34.569552421784984
30.826527576417647
27.11084445661608
22.85401378417336
23.295233687407936
25.164332262338686
30.89818333932837
34.51542743435269
36.16793976695588
43.06384823720604
43.79737657937552
42.77884563360101
41.98001443326131
38.546499283743934
34.209420178674286
28.513932379213884
28.411181436223178
31.053147460207068
36.02581769068353
39.281238643232015
45.28401153500426
48.217257927781446
50.080690063879
52.31205547332792
49.84686004285624
42.89198481762948
39.56779934683806
35.01617459594262
32.407320368092314
35.79930761568769
42.119554849698986
45.94626094133506
54.65946548372095
53.24618083833252
60.60785375656283
58.522875447770545
54.113988974301215
49.13764116480332
40.33114662809868
38.845174620938245
38.410668857267616
42.175017168860634
44.28509467258956
50.787259595660196
58.30986443462321
65.8479397766969
67.36812666448952
64.89670264543939
62.08240114967005
55.145616324022036
50.01546748579936
42.822564706201874
41.883506780103346
44.07097576637351
48.11722757780185
58.44418041559683
66.20408290826975
71.78154489078413
74.02311929993728
70.86732494369093
67.43153201585197
60.48592822520993
52.60908409616761
48.33467767384218
47.48107628522181
52.18937874221088
55.824366719247685
64.38632558608411
72.45083112635066
76.1947559885486
81.83522918682617
80.37976447735483
78.50736316872796
66.71145855282842
59.51482101350036
53.22550048110668
49.6219829435707
55.77529600649095
61.940399549030076
