serie-ejemplo
16.752537770732012
22.942123485827977
21.18444406523162
25.11279568060334
23.860892024718517
21.432760046691897
21.524220274355468
21.542509231801272
21.492977960726876
17.70000777148838
21.49853929576939
17.494991818292633
26.44805705784595
22.368474475705884
27.14389791376925
30.624797139040442
27.126725581079757
26.841688843099487
26.53596368859492
25.522097319763304
20.123163814592086
19.591778727056326
21.004982557498437
23.674272950690106
27.05491674829561
29.467263073551337
30.89984701885322
34.328086815684834
30.554155279388347
29.801895816188743
27.79878910371607
26.510416097765095
27.101842617034904
26.991377353682353
27.14411639499908
27.4533945714619
27.325627916586555
35.13733509822654
32.27081621384822
32.88589844666218
32.57187548560847
31.0125472691724
33.70837834256095
32.089929262729484
31.197735463140823
27.17739670125332
28.620316536499207
32.74764508225721
31.414362064265948
36.44512935241328
38.29602555020162
37.214651581174564
38.22879205119894
38.01233552707562
36.38406949164372
35.38550900510566
36.91000535518609
30.91914531416249
31.964178270416458
36.71144527812512
39.23725569547967
38.506835528598124
48.54380498015342
45.4600829425115
43.520146061074804
39.088188988225745
38.61900832452044
41.71195000375592
38.493801395508775
36.53526661664974
37.910026870799065
35.32657846868426
43.20047931623013
45.634306563124085
50.450894545276995
47.75943197514972
45.343858110921566
43.43986824828039
45.52967268731369
40.27629807159142
45.485837054017765
40.56312794597172
41.247779327748255
39.028511561645686
44.82460373795532
57.255590823338196
53.18308875639755
53.76217378378645
48.180156401916996
45.76217555247211
47.33088890274511
50.18268539294972
48.79811661664124
43.256766894046585
43.75581936599559
47.152572058960736
46.67230827727128
56.01687546445968
59.58352245808082
59.604461104820025
56.455753714545786
53.67179502460398
54.19662202132165
52.18704280600353
49.06215351853154
48.82340855920119
48.80145593523833
56.76165892549179
54.94957271421338
60.76799998329036
62.65106738683232
61.07908787370773
61.95750230640103
56.98122391491522
57.67788773831239
58.163007908430366
57.145663482585775
56.92660156842981
56.33813376912641
53.30191677017487
65.30159371947938
65.40266205329121
78.1698330670418
71.97695626132844
65.14094491985469
64.71080344832146
65.08184373527854
67.69950521290025
62.95458900916236
58.94820922699124
59.97808675257593
61.97021483568433
66.89775359374381
73.11869567914454
76.30175494196872
75.25165506572363
69.96136000885284
68.94455223058455
69.39576180730317
68.95082222513336
65.8701611604975
66.85200829553516
63.78654462156097
66.39904335981741
