serie-compleja
0.0
-2.56125739632647
-4.43066837625515
-5.77158641465614
-5.75525645200971
-6.07128225992521
-7.09426244721842
-8.58728361738364
-9.70370979887554
-10.8209277509442
-11.2714824583431
-11.3628774506564
-11.3886044709763
-11.5894931536563
-12.5320070419704
-13.5482823893614
-15.2079532314897
-17.6031163551587
-20.3096496561838
-21.5363904568697
-23.6463455293214
-26.2555063906064
-27.5973073994881
-28.4430375898543
-27.4607368134837
-27.0190700077344
-27.2852404326597
-29.1857859393551
-30.7966866949342
-30.8653700360838
-31.5118069199755
-31.2714431254467
-31.2040839459069
-33.4536121103498
-34.5793052380219
-34.2668471040312
-33.6423625765323
-32.411845481954
-31.6665679530844
-32.1069020884136
-32.1169191571139
-31.8138168030623
-31.0415712580279
-30.5720810567366
-29.8985871315741
-27.8749821850542
-26.1542929407779
-25.9528427328059
-23.746983411195
-21.8427628532737
-22.6867987752408
-23.2395710494298
-21.7161061500226
-21.0849409858321
-22.0187929535562
-23.5095574365889
-23.8319770025312
-23.3456321814047
-23.0412161504205
-23.6586934582476
-24.0298388015744
-23.0645830646837
-21.9930178639804
-21.9918789225526
-21.7448775937709
-22.5283385653069
-22.917113994499
-23.0946833983182
-22.9051608577874
-23.3024800011033
-24.6301606450742
-23.4374354631492
-22.6465443694589
-23.6508398213118
-24.1363245183419
-25.1290142381195
-27.4866601380511
-28.1507283154221
-29.2163359377517
-29.2257901690818
-29.493136378958
-29.3033953773474
-29.3882131213822
-28.2183477459538
-28.2586203820904
-27.2117195800256
-26.7618249012543
-27.1142103480092
-27.2145034287387
-26.6048064937298
-26.1799947012379
-28.0308633161766
-29.1766819426715
-29.1990940226717
-30.0723201387741
-29.6285814058857
-27.8575264576682
-25.6152350092295
-22.3965053590572
-19.5314188308876
-19.9769725976249
-21.0131401443578
-22.181654185522
-23.4572616713169
-24.0430222791699
-24.3343893574923
-24.4134971710984
-21.966902350208
-20.4001776381185
-18.4407502636505
-16.1905138212646
-14.8296407974985
-12.6626621626323
-9.65029559401853
-6.87076065943706
-3.74841710247181
-2.36521282684261
-1.93606182512094
-2.91535137923303
-3.53207483884056
-4.88571952749656
-6.53995675930282
-7.76584786546894
-8.87409113334869
-11.9021200727245
-14.6829614672131
-16.1568252289572
-18.5130923311882
-19.8495115954943
-22.0266170368085
-24.086892571635
-25.5219918255049
-26.1578499998153
-26.0727677838355
-23.8894680568533
-22.2984946953734
-21.0623493066475
-21.8029788322612
-22.0550574370403
-21.5792590144058
-20.4764663407663
-20.5986309078111
-20.1274100470196
-17.8945228586613
-14.4591001354027
-12.6883204245614
-12.1376955736819
-11.8858873516508
-12.2989676848362
-12.1312951072345
-11.7485404045561
-12.795269240837
-13.9134731741518
-16.0323808710462
-17.9822442384807
-19.1968895301111
-19.9513606658433
-19.8987360762889
-19.3800322188447
-18.0259770716568
-16.6189612640549
-16.7706626595891
-16.1259856410783
-16.4110878947154
-15.7297876649635
-14.0942204657937
-11.686304988569
-9.99047342326092
-9.09546178177719
-7.91682172688053
-7.73350136303611
-5.56481192011249
-3.84658526966208
-3.28169566614371
-3.20944783899344
-3.72558198783705
-3.84628841495896
-3.84596631295762
-4.35266566654414
-3.93454565730642
-3.3479547864859
-2.55861631852571
0.81089947957069
5.37825691454611
7.39877532453866
8.41512466962821
10.0604315658001
12.0008599238999
15.0145997069988
16.062575622509
17.1956412105781
18.8823431777181
20.1258710775197
20.5131420345601
20.1074639223953
18.6623193580069
16.208878988633
15.0868031955531
15.3104313902677
14.8027715608505
13.7463962667933
14.386117375751
14.7163517002411
13.9990715563178
14.2762449364617
13.7095124611348
12.907945002227
12.5163189359476
12.6882485330244
13.2675782969239
13.304303543221
12.3005302438346
11.4030744518366
10.8818189240627
11.1375136174747
9.82033550989828
7.91241486529888
7.54920742873812
7.66498157016712
5.70718227952082
4.20641485382607
1.5089124151854
-0.825148466593597
-2.40404220528343
-2.01595479008866
-2.38815789533451
-2.1074046493603
-0.739223623119235
1.0068910913604
4.03797223186855
7.56600550833666
11.4744816312787
12.9453228441933
13.4111838013727
14.1737035511673
13.0920739688499
11.10759416097
9.42936590198491
8.32503682506457
8.55487128079919
10.3921018921003
11.9826696624409
12.4059561090458
13.3134460015972
13.6579343185732
13.37048867039
12.9303234165102
12.9760660892075
10.8870609564849
8.85115627673921
6.37096327612843
3.32048170481193
1.76298372938328
-0.678763903188695
-2.42550597253382
-3.71557029612221
-3.35813332712388
-3.43450924798223
-4.00387709861476
-1.79256068570398
1.16825765920092
2.39342586217442
2.73092062426732
1.85010119925669
-0.404587402942398
-1.27388395378817
-2.12225715871485
-3.2044665541351
-4.99338365768485
-6.53771662138629
-7.48259516390798
-8.03935076709134
-7.02969360139967
-7.67420483816878
-6.92441606180784
-5.50298679889629
-6.14581079114031
-8.06482258301494
-9.44826718435895
-10.0993299147553
-9.80238481482856
-9.30445544192913
-7.39700404304257
-5.58943304941474
-4.90157980705736
-5.44403011042277
-5.71402047432127
-7.33572253991873
-9.49895504452046
-11.8121950723983
-11.3739611598808
-8.44211195527671
-5.28201536163646
-2.9692235994634
-2.20666474563604
-0.489159375070756
1.42518002610159
1.12355668286108
0.588324430376839
-0.426171562739446
-1.77056147318098
-1.5970285431504
-1.47104125642539
-1.39828218365221
-0.699270742842146
-0.378848539681935
0.0041568236088503
0.675821102140986
0.264454433237094
-1.25791627402857
-2.74847862600668
-3.57230167344323
-5.12698422272216
-6.52097828419384
-6.10340337602729
-5.30954312750882
-4.64758769813171
-5.13453510057699
-6.34192367639733
-9.6421187968251
-12.1305232902193
-13.4734605727227
-13.5836929575902
-15.3160829996839
-18.4387403651759
-18.5514830094348
-20.1723367938063
-23.3491565995708
-25.0838376156618
-25.5236014065417
-26.2480625715848
-25.9153439468473
-25.9674092259904
-27.6064055071244
-29.7036969811305
-31.2446163909896
-32.349238120373
-32.8819192554305
-33.3697592202454
-32.8273459323082
-32.2807562120119
-32.405554106857
-32.1401181360625
-31.1245117469937
-30.0994055461567
-29.8371367832293
-29.460466566191
-30.0102502460539
-29.4156350070119
-27.2101718845197
-24.6839866391732
-24.34223796807
-24.8413264990691
-25.2153664593534
-24.8944492278636
-25.0055472598677
-26.968757918427
-28.1298129265183
-27.3006811469299
-27.3247609887039
-29.7955311757558
-30.647635574539
-31.1298493911209
-30.5517076438595
-31.4141721605791
-32.7531285337877
-33.8891502197371
-35.5478141262244
-37.0156248954022
-36.733912250055
-35.6328609364298
-34.6263839498935
-33.1137242123577
-30.453221371651
-27.2552214102727
-25.0389495376872
-22.655918258078
-19.3622465376359
-16.2621881884033
-14.5453416069722
-11.6060157677815
-8.79771611801887
-6.47883454806125
-4.75098846971273
-5.30015548897176
-6.22284017444308
-7.13433144008148
-6.43649594570933
-6.65474477395271
-5.91476585369783
-7.91801942013673
-8.92000047058295
-8.9911140229516
-8.3389777102612
-8.71715158514018
-10.8869105935943
-10.6168200159796
-11.0621830284459
-10.9341553581157
-9.04339981689425
-6.23804818894669
-4.1220954258024
-3.53906555125731
-3.89982980554363
-5.21670204184137
-5.98047722361726
-5.73791379769814
-6.96894323805267
-7.42645121661012
-7.2326770606816
-6.34186197914124
-4.96784807641988
-5.19164033716085
-6.01816973947438
-7.56287746208161
-8.8496104351637
-9.30748497625954
-9.67761720056093
-9.31983970776847
-7.96014126626939
-8.29495246197529
-8.24193141379273
-7.5636196632626
-8.52770298324633
-10.0388069396988
-11.5007802150818
-12.1102912845283
-13.0713210974553
-12.7212821172382
-11.5046888084108
-10.5229932524839
-8.64552168893684
-6.09796177974018
-4.03744812531005
-1.4312661858258
-0.384936031237755
-0.0801892175267077
-1.27965693559071
-0.639283183575754
-0.850305179137566
0.463769500556833
3.12401494821176
5.11856680016766
6.26610596183622
6.3626349869212
4.69951313575923
1.48344132129186
-0.032839541233924
-0.676675939641995
-1.20597901305018
-1.31512196718397
-1.69780230200255
-2.64086197253434
-4.87579920254395
-7.89178946614751
-10.3003413303145
-12.5881853642694
-14.5746481966742
-17.6527980755977
-19.5707394516477
-20.3712574821554
-20.5926911502517
-21.3141770194488
-21.1107807165759
-19.0279707550345
-16.9021215521179
-15.3586419476104
-14.2544631868256
-11.9483991478482
-11.3227227566706
-11.2986799773676
-9.51059759066998
-6.77680434031962
-3.02793114371343
-0.4882534180584
0.885841500513945
0.496851980081633
0.292475668773567
0.144399471089898
-0.0962114334303704
-2.12064661105469
-5.67824094402306
-8.35095666783588
-8.671085068045
-7.56217056697429
-4.28917661969486
0.510704028651748
4.97663644197152
6.59649837013372
7.57765595222363
9.22278908423177
9.56435822193667
10.103878340167
9.85452451752265
9.73828802765112
9.6513533665563
7.99679872482646
7.41132720733593
8.14216326532667
8.75066107712744
8.82289285295763
9.25585141396028
10.0535381754768
12.0206586628666
13.9966625109789
14.2422532712294
14.5606604495448
12.9728300024332
10.8709394982498
12.4641578149931
12.9700741116647
13.6392720787342
16.3234404212028
18.9521007232691
23.1247179472149
25.6016072348815
26.6884259953027
27.2405160948379
27.1634274326814
26.7732161504744
26.3958524714704
26.5221586736376
26.8273689901725
26.6334097472734
27.3271553721343
27.2371302104692
27.4090236644684
26.9287755989497
27.4538383456502
27.611311752035
27.826853300359
27.9810692230368
27.785340571151
27.2630037438426
27.3868416766201
29.070443692984
32.2349941958115
34.0295569349139
34.5889204296029
36.0498515236608
34.7798379176526
32.0218540456692
30.1727916027347
28.2096711372129
29.5443654089276
33.0393100868344
34.6135028533972
34.1513464822083
34.1400036941348
33.7088778222836
33.7137455148389
