serie-ejemplo
0.0
0.111686707977228
1.54559703175801
1.28428232326297
0.0381593304187413
0.339825392861786
-2.20812854812735
-4.81097746010237
-5.79409114924795
-6.62665366927518
-6.98011358320923
-7.14257702805625
-7.86093311838185
-6.9145883199554
-7.6420063788077
-8.99224458967158
-8.2841237314422
-7.67355453929138
-7.74240314128928
-7.40465804949599
-6.93444203879212
-6.93686984485845
-6.30130428006875
-5.49805960217487
-5.51818180221054
-7.13548490932014
-8.61488244613816
-10.1192783048162
-13.2819348166062
-15.3802252548518
-15.964641915936
-14.5042830558722
-11.9940523191282
-9.9519154602535
-10.3841867690481
-12.9031975923566
-14.9331398701603
-14.2357182669596
-13.4005222014066
-12.9243274753399
-13.4887213548784
-15.5223790018934
-15.8920375584061
-15.9275372414736
-17.1962929038137
-17.8065159555878
-16.9137305000832
-15.5027425013865
-13.9473824191125
-13.7129456873816
-12.8422959578476
-12.2135519467441
-12.0417628055019
-10.5923526185331
-9.06067636298875
-8.56614306509736
-7.20311629711357
-6.81365286191427
-7.87678193418067
-8.00879052827575
-7.73470706627414
-7.76891401849038
-8.19539223917418
-9.30060545725893
-8.62886886321496
-9.5722700090798
-9.40377765898508
-9.77431238966857
-9.50722603612972
-10.2794033330516
-10.4144778296577
-10.6815916799804
-10.0862340057199
-10.1745090805319
-9.46312200696762
-8.40177800015953
-8.31941401716183
-8.87585074999412
-10.5159523837551
-11.3618475271692
-11.6203662116057
-9.84292705962314
-8.59265160400214
-8.44215077230735
-8.19827934174142
-8.72293088065387
-9.14144583239656
-9.05075947829007
-7.77250097134165
-5.60553173505057
-2.53284548955114
-3.17580523647342
-3.79816702977712
-3.67960714581854
-3.87729261423102
-3.6516317901175
-2.20601172525142
-0.33345598578638
-0.268333326612405
-0.470483642022401
0.170654395176117
0.273873929937333
1.35562617639766
2.78681622033814
4.11933890690708
4.77603793258206
4.73175560655571
4.2312727528416
4.5216208209873
3.33719189835156
3.27479719610586
5.50563982054341
5.5887243506204
3.46789237507107
1.94455439471444
0.657801563104282
-1.36652215670263
-0.329772211897111
0.740191343933162
0.3172632731137
0.846563003120544
1.57680641292002
2.79472531550178
5.04800120779075
6.83331470519595
7.68672330906205
8.59224188357221
7.21481217751738
5.46042438897338
4.05615060836221
2.36102885406019
2.87251905031887
2.07293300002838
2.84107014879324
2.3340883466392
0.842278073502486
-0.175491589783127
-0.279576972051069
-1.19480646330637
-0.923369742804058
-0.681295532556532
-1.22120414902005
-1.14177387470137
0.431234926565258
1.02426439492179
0.959274129979093
1.2247307910618
3.26804264662186
3.93974515675125
3.27041158117384
4.11509605959735
3.90268211919766
4.20653549609141
3.06784402291074
3.24490911587502
4.40498480739386
4.31779713666977
3.95166874938121
4.14750426600727
5.86943442543354
7.83772396729022
8.79056691878452
10.3169334656779
11.4478435355543
12.6177324303895
11.4063694356087
9.9738515124024
10.4929683255431
12.4845017890011
13.7405815457994
14.4157724084354
15.2180647724371
16.1158434741751
15.9108013056024
14.3461268668437
12.2280145323844
9.92037805968936
9.41337711890771
10.9882211253333
11.4039291308961
11.2997851224787
11.81175755873
12.2253031910653
14.0760259487184
16.2419012181861
18.2660106609094
20.4993284046275
21.6428120417022
22.0556714640621
20.9926489680541
20.9489369624234
20.1898082439951
17.864505254366
15.7485832050835
15.1395234484468
13.4103351605863
12.5624382744142
13.5461403382477
12.9784004765096
13.3624199567893
13.5993611134102
12.2844416081421
12.3418546605667
11.9006187004498
13.7475356454928
14.4992972333656
15.1069802758661
13.9404530778378
13.3648184772389
12.8912678020724
13.1717539750594
12.6008633233173
11.5115164954127
8.91340645829391
6.31718933955705
6.41648307933038
6.10830636455472
5.15991514061008
5.72693391808277
8.10624192837857
8.60686128049974
10.9014664277188
13.4236678859885
13.3328058800044
12.9552068509303
13.4907813511385
12.0124670198051
10.8821351208721
11.0319864279212
10.5638913869435
12.190326822064
13.4335663874341
13.733289397815
13.7884731542646
13.4996728620415
16.2956210508477
16.115004858773
14.3047809880328
12.8601251138635
12.696886671533
12.9592127487139
12.044968784325
11.6858533104762
10.7123541834864
8.50286074510173
6.75193082488597
5.92248770695759
7.18130415232963
8.24924518471133
9.74255202946933
11.31483713337
10.2201429923073
9.15050490353051
10.1593673794068
10.3189708278632
8.99540846585117
8.00496432813665
8.6846240197733
9.83060592426954
9.4533760489418
10.3453738789506
11.3248203048426
11.6650938863914
11.3048779864534
11.1104392104988
11.3421657831784
10.764922850599
11.2201033013367
12.1105442708154
12.1376574092918
11.418408577915
11.3809688215609
10.9451265858372
12.4769015578945
12.5142874831849
11.1375694348277
11.2178785339073
11.1240990707655
12.0831795836803
14.3085521232093
17.4589391189055
16.2865534516572
13.4865609014159
12.0526748595085
10.9127901692995
10.8033689605662
11.2257136371569
12.3626348450421
13.0548003540952
14.4014072883312
15.7802738046615
16.5255555713623
17.109471897435
17.5956944330259
18.6272343901642
20.8475784601502
21.6810430483098
20.6741816493961
19.6564721022861
19.2454603978836
19.4382023381041
19.7761917805322
20.4321106552246
21.0652375095733
21.6600166585129
21.7806462103631
21.0539330164556
19.6808395818178
16.4586173157226
15.1735605098895
15.5276623769738
15.3202336944744
15.3877030650499
14.9912223458828
16.4775443421038
16.8277313005121
16.9681762102884
16.8170287060995
17.7369508432764
19.4812296838141
20.1945693438031
19.6612466160982
18.4065202834103
18.2659635550519
18.7954807790502
17.6648623871322
16.6997815874317
16.3251521397857
16.4088115293699
14.8515892531327
14.8062516066315
15.2697936756314
14.5297447192915
14.6148065499753
15.6788660368915
16.7978037973252
16.7335280007164
18.4815029081806
18.8332815248849
17.741611974681
18.055849810334
20.0041250370187
20.5454357099123
19.6527082601604
19.2778420044663
18.7711195228761
17.5610309772402
17.7304072168534
18.9702515847489
19.3995484031619
18.3307336113555
17.7553417415778
18.8025218528722
16.7693026455325
16.6743761511624
15.3024846895453
13.8504059963797
14.3484242584147
14.9615028775858
13.5260451601339
10.3990747096605
9.57626074164688
10.0096582930247
10.1202585591165
10.1664675505581
9.6184232446357
11.033324870677
13.6795594545449
13.5731293686023
12.3394676168844
10.0214779726315
8.76157509878598
7.21142776544889
5.51157059116167
4.11869110202798
4.45591784602946
5.74893795511916
5.5869065671247
5.66552865936852
5.75054789365835
5.52480863094511
5.5287028809108
4.13351656948346
2.13194276636222
2.04111929021044
2.71155374362031
2.68442850881475
2.6187976233478
2.53472083335671
0.960186982696803
-0.943460074884491
-2.40336192618611
-3.45430057712502
-5.2386760439246
-6.76894904202087
-5.67506848162862
-3.30358980176061
-2.59242723523865
-2.0182416809011
-1.97754977578554
-3.21708472160836
-4.42676724041957
-4.74157726833145
-3.60018800701982
-2.71711228861212
-2.39128496989005
-3.52048458594691
-4.55273049727001
-4.93866247676482
-6.26243966995304
-8.14936437124772
-8.7321586160217
-8.1668450481886
-8.39826584649233
-9.3423061543281
-9.86128105104939
-9.62572712502213
-8.37473129448688
-9.06851613683676
-9.93683680157064
-11.3375828575699
-12.9021732380773
-13.4689075703642
-12.9807437961027
-13.588889096843
-14.0729211766365
-12.9368921202775
-10.1246319782907
-9.64857067923666
-8.8459043433692
-9.51569000620762
-10.6438062847772
-10.234796642288
-9.34387386476162
-9.57309980468725
-10.2824372075877
-10.3254596962168
-10.1838799595708
-8.58452051813922
-7.96582165590931
-6.81882181427963
-6.73437646061827
-5.03845098720178
-3.25063501141425
-3.88107449332117
-4.55871219178349
-4.08356402062446
-4.8652920053655
-5.00677779445283
-5.14924868332784
-6.17108072159376
-5.78282700627345
-3.97696644804551
-1.17166955409394
0.148605233254771
-0.424918460371443
0.0829173250782951
1.64635828547919
0.741210941100905
-0.973560021705188
0.0307847217323468
0.225261110467515
0.080132804256368
0.449198591283435
2.02045611046313
3.32461990019744
3.86438196257671
3.0937281108516
3.72964680086
3.30102992912996
1.37707760917185
0.649635946263134
-0.408998914530301
-0.116950099188192
-0.954331730433731
-2.11944349478808
-2.08794469395341
-2.64161514355946
-3.49593676380755
-2.9505374513684
-3.21146866472597
-3.57309189115283
-0.783210968194649
1.16641203689866
0.638319693969788
2.33287711992409
3.19625125399105
4.39966949212972
5.54896825392738
5.53396925096556
5.15727784949446
3.94024195248599
4.07148013709902
5.39155518631905
4.41139557481758
1.33886905030366
-0.908744070099775
-1.10892575444457
-1.64511385445594
-2.46840260197463
-2.15046735521944
-0.27367927065095
-0.372572905913687
-3.12216386283332
-3.69323647075668
-3.25768822476955
-3.59036859675616
-4.77308118830993
-6.15145820164547
-8.20104117206946
-8.30919312882006
-6.76889326295659
-6.24063761483071
-4.5673456806796
-4.3332758258255
-5.15056528626694
-3.73726720284117
-1.26472041313486
-1.10943713206029
-1.16704717098533
0.263019365234224
-0.712502832082856
-1.73998921969927
-1.56913750140225
-1.03640186547326
-0.794328564096961
-2.06484617812755
-4.04178515919365
-6.46110827899667
-5.69127405791934
-4.21591867370847
-4.79838992598297
-7.00387440094428
-7.81899701937247
-7.44664564081579
-6.56802979997481
-7.04952216297552
-5.59380114304107
-4.34980362976833
-5.6698126624094
-7.63389787028999
-8.43711394462061
-9.71539256620106
-12.2893795842487
-13.6531016999309
-14.9855298825573
-16.1021661836051
-14.225843576144
-12.7093100320494
-12.7813602232926
-14.079180290517
