"serie_estacional"
0
-0.263007596910885
-1.07618687627665
-2.05839249931803
-3.40765044860282
-1.92733748511939
-1.49887680932156
-0.908510927755444
-0.503616865545993
-1.77567204865822
-2.24440910981052
-1.19586643505078
-0.708013109475498
1.46602083895454
1.23325161888125
0.248590198254648
-0.0102376943148972
-0.762197928097564
0.154616134890249
0.566337475247231
0.956201793020814
0.815656507568921
-0.784625253281881
-0.856456801461784
-2.41805586679213
-3.911332318338
-3.75533192882172
-4.16380069325629
-4.42257233546514
-3.91474662808936
-4.58174041495926
-4.05693075439351
-4.60108737028292
-5.01191633696586
-3.20974657997079
-3.54497863452827
-2.49231665855005
-2.53337154708849
-3.13764045543393
-2.74641416648926
-2.407333148439
-3.72227812649734
-5.25179234429041
-8.58413990165134
-10.2200355334989
-10.835481330302
-10.9548014779041
-9.71721781640998
-9.06954148237564
-9.25203066972355
-8.20278486595966
-10.4643481836775
-11.4771493609226
-10.5742539970372
-10.5580546128245
-7.77206516972196
-6.11665326925189
-5.99565745023349
-7.00230988844702
-8.74263645452025
-7.8430844316261
-6.23703510337366
-5.25111074280835
-5.39720939270627
-8.04254958139916
-8.62835420374856
-8.60333081113571
-8.1579204533715
-7.09591057556162
-6.32589684824246
-5.79585803412977
-4.35296011451578
-3.84326592468305
-4.37857065708324
-4.79159333322798
-6.43914744928509
-8.32495963207529
-8.05081742242159
-9.25015350114656
-8.85666770704433
-7.07650284374932
-5.74252667433771
-7.1656473075202
-6.78800956422386
-7.37247094901122
-8.85863064076061
-9.19660967832334
-10.4366266587284
-9.1610588213265
-7.11414060379201
-7.10136219969655
-8.30358252453016
-8.57528929932268
-8.31030727073471
-6.65727346832667
-7.15515281748926
-9.40119179789652
-9.86980243047664
-10.8263917492545
-10.0858097267089
-9.36874885778784
-10.6919854850811
-10.6798854243767
-10.9010593941852
-11.5921183616319
-12.6766451600625
-12.363589329576
-9.68573638756546
-9.42338220216035
-7.56340774840243
-6.48929415656507
-7.2254508953221
-6.81041187952983
-6.65885231840604
-7.81793105731859
-8.53606559712236
-9.51458206211201
-9.18958758868057
-8.36529357609808
-8.12392031920388
-7.48432454324365
-7.93035943587654
-8.77178837359037
-8.33510675834609
-7.99013523722348
-7.37610983102557
-6.46261128031887
-5.66135592528861
-6.99141282525869
-7.33062324338733
-8.33050469677565
-8.30681601942548
-6.58912903667955
-5.53200474147019
-4.96374728268597
-6.54470057857031
-7.30111686339441
-8.75722470706907
-9.87295920428836
-9.96726477679162
-11.061389442676
-10.9677281269972
-9.91518736190962
-8.5446867617347
-7.79628772846604
-8.10599762226034
-8.68557535683606
-9.03332360242954
-8.83168506603885
-8.99476459122953
-8.12878720463883
-6.36363384023417
-5.99243099207415
-4.63877150420669
-4.88150845586036
-6.28108102350133
-6.85784970164053
-7.69576815846798
-9.8779665736937
-10.4658537953393
-9.95832984188055
-10.5273533433374
-8.80388817729615
-7.90415193052832
-8.1142564905116
-7.39320099623373
-6.38719166625894
-6.63669806131739
-7.16013708155426
-8.27421612722973
-11.1886959265367
-10.92721885157
-10.5766093566085
-9.83148213614174
-10.3746779489442
-10.7734224274482
-10.6166119767396
-11.7449837226406
-9.84956625884283
-8.97100957811577
-8.46484039578891
-7.27593349845096
-8.41163784852412
-9.52685130031367
-9.9197504658446
-11.1375841316656
-10.1179173942498
-9.37148217793616
-9.28718781462444
-8.17267106116939
-7.22881043766516
-8.02764058901352
-9.96963875976092
-11.007610409916
-12.5455832345343
-13.5871396622921
-13.3683468197919
-13.1317521018096
-11.294420804588
-9.10728404928316
-6.66504351851981
-4.39340706308234
-4.44132879498578
-4.62391453105792
-5.33321323382533
-4.91100325669158
-4.5150037644471
-3.33888803035899
-3.73376128185895
-7.26061257285883
-8.87056719645916
-9.97383783941513
-9.84343677163023
-8.91999119041664
-9.30979816450844
-8.2389782037714
-9.77688539735299
-9.94857223352755
-10.557581380322
-12.096065467027
-11.5560183239944
-12.682815841061
-10.6872667139043
-9.40535054729354
-9.38612123364188
-8.83529752747026
-10.3937819818646
-10.7340612051657
-9.99995192079898
-11.1102012878076
-11.3354125071309
-10.6684000001058
-10.8991253323685
-10.2778067396453
-9.13845931290771
-9.30385411979706
-7.48420646206569
-6.03414354024159
-4.44318661710494
-3.83416788586409
-5.56497055375355
-6.36056255585368
-6.67596493061903
-6.0879032482839
-4.91035896509627
-5.13207588393811
-5.71511304963902
-5.46334069201165
-5.55829812303872
-4.99717441608477
-5.30004941875901
-6.83063597886492
-7.43685669712287
-6.20526892124316
-5.71737267671052
-6.63734258050366
-6.24144616356742
-6.69110873458399
-6.95749981799345
-4.85304804250561
-4.21305696436054
-2.31529145487755
-2.75103281167303
-3.01831613286508
-2.53891074436821
-3.74867950304101
-3.92534471234485
-6.40533997965283
-8.43222651105232
-8.55431464714527
-9.82086691382746
-9.97818087001272
-9.50680924384512
-8.57738751635899
-5.59948794716487
-4.6468556214429
-5.50670795131921
-5.66746737650634
-5.7596488012153
-6.20543475407598
-4.70188309019937
-5.54953109786008
-5.18067825307594
-5.22757568146207
-6.97207585381755
-6.56228619882723
-9.35686937579116
-9.74505002024063
-9.42748242034347
-9.3925770509641
-7.86299913590834
-8.53824663933458
-7.90757436858149
-7.82319342930025
-6.16004853808768
-4.60472196706978
-4.96635659067296
-6.51290752311699
-8.77012663644926
-10.2115878228193
-9.9436678068956
-7.48202638215544
-6.30302627506329
-6.51022046251422
-6.10174814794347
-6.6214254832465
-8.1189169847345
-9.86610539835816
-8.60503344766876
-10.5986181351753
-11.4744064315909
-10.8439278447158
-12.0341033257772
-11.7160370922932
-11.3796932699036
-11.4389580886035
-12.8335683649128
-12.4141947714697
-11.8614855821062
-10.9932624849172
-10.9248003489081
-9.41472431498618
-8.49273484702995
-8.37707900081464
-6.51272223263674
-6.60570923621994
-6.41840296165344
-6.276757439856
-5.50682366841966
-6.02694955077576
-7.24031319136535
-6.74682929308721
-7.54148888435408
-7.18236284129206
-6.59911007296738
-6.83031204883644
-7.29100940375318
-7.44762955672686
-8.54955852418293
-8.80285229887281
-7.34873399288715
-8.78946224344543
-8.80804471312216
-8.13620499587545
-8.60772728080164
-7.45467047503871
-6.18472079574515
-6.84397707568296
-7.40135164566442
-8.62692552273506
-10.1931584139215
-11.3812644672722
-9.73723287064592
-9.9449918226363
-9.94537448964928
-10.3253643409321
-12.5830774676437
-11.4898292711262
-12.0671873410182
-12.3024366209544
-11.6796532679483
-13.0756761691888
-12.2323300510364
-12.0186594463244
-12.1380814254453
-12.7734376126807
-13.7669615792455
-14.7155016958825
-15.4835716690532
-15.2112030144679
-12.3209992308695
-9.64253624394085
-9.02534949778546
-9.12800885324185
-11.4565587980235
-14.4565452556015
-14.3759251073566
-12.8297963154135
-12.9614980177745
-11.4737465599498
-12.0132964231458
-11.5885030728431
-10.3475934451804
-10.988617498589
-10.8593578241327
-10.877819723775
-10.8720299513409
-10.4325225835179
-11.6677884945271
-11.806850177586
-11.6147837615004
-10.5642732485881
-10.1152253900854
-11.0346064449399
-11.8066021180253
-12.562530447886
-11.7415159626645
-10.3428579484233
-11.2527345494394
-13.4708488969305
-12.3934888403358
-12.2122723246753
-11.898252205324
-9.35172219098115
-11.8454455919688
-11.4365099402831
-10.3356534750294
-8.65319008401295
-5.81549329844463
-4.16611677549585
-2.98075702620738
-2.49173650606291
-1.71980932567728
-2.11059136849469
-3.14387847776512
-4.61088338042752
-5.79722452466422
-7.16691950069541
-5.83095711681311
-4.44610785517126
-3.45862891788586
-1.98341861964559
-1.61610153186962
-4.01379666861638
-5.39083876215819
-6.82343874079581
-7.72553610822192
-7.23499331412058
-6.40568073845251
-6.45322938389908
-6.07086078950001
-7.07362611410421
-6.76675511738425
-5.16692083921031
-4.4745653353093
-2.93040897844252
-2.32234500580295
-3.24389464270655
-3.82238030703037
-2.71046805656322
-1.97480902807747
0.824196324472375
1.56180152922854
0.180437185146966
0.0593830213035424
-0.967535367085388
-1.82658730842888
-0.405110899479144
-1.30348639519245
-2.44867955982634
-2.62744512714637
-4.04184686124948
-2.1699845726376
0.422932444044744
0.125407940544843
0.201267689016413
-1.43929150375502
-4.41237858320668
-3.86898360717059
-4.13479101480483
-3.20904641189669
-3.59037313930791
-3.74352566361651
-3.34281870108417
-2.46057429416199
-3.68331492983086
-4.21657915985761
-3.87332747027875
-4.78521160923653
-3.32886322170692
-0.887391885152894
-0.555709165022991
-0.773709336029299
-0.655143319243962
-3.25158758932086
-4.8002488820914
-4.42884988547026
-4.58884254296282
-4.65926729101988
-5.11424683737691
-4.21470543741361
-4.21893515907779
-3.07703068827299
-2.13365674386329
-2.03936243616675
-1.62060303754929
-2.1915210678379
-2.22043748354134
-2.64741828316696
-1.03855341599016
-0.1819464570248
-1.22315839113319
-1.71302283810684
-2.4311211185494
-2.86031990561619
-1.54447929674126
-1.01786324784188
-1.08763217866802
-1.14276465501623
-0.845204829729759
-0.701590616594633
-0.594410198795098
0.89291427487691
-0.362771062445471
-0.429699372746628
-1.55867010615272
-2.48653588978876
-0.780584982182562
0.853738164464437
1.83901604474372
3.36114952621489
3.37860331543467
3.21632712017864
5.84505771153635
5.97483746728263
6.00783245683947
6.68371535396582
4.95569740697389
3.93006487561492
3.16415925866247
2.04900388408413
1.94948005062808
3.01239299321188
2.61473238095372
0.84035578280349
0.415017885289128
2.39827017101358
2.84621309418194
4.42159711896767
4.37132020417579
0.33974501979985
0.684696604994867
0.653629977078557
1.95631773799988
2.11583571017988
1.91729802751125
1.34444280068948
-0.531438254214066
0.410682045954037
0.32716015908262
1.20186980107798
2.52017218833386
0.950985330440371
0.74456279079816
0.704343123523358
1.45432043681607
2.2959071362825
3.14209564278905
3.38104200079732
3.06978167900379
1.21066217033473
-0.455428092310587
-1.81962456598819
-2.49588944029816
-1.46295923332775
-2.22454921401388
-2.93816572710883
-2.2015151301277
-1.55104581284796
-0.59393378526519
0.430146614045395
0.06580747068082
-0.558267449711558
0.420453923428878
2.08565134201232
3.6699770862138
4.45610979464
3.23807496675491
2.16946540302947
1.81187647948475
2.64652752243485
4.11370633837763
5.12852358523301
4.81354919133213
4.06871561081323
3.1113813598313
2.29736468271294
1.44206283829491
0.811656412170274
1.8938716504354
1.57101805760726
0.810057047274741
0.683432017252819
2.0571557818078
2.76339265261001
3.39477700062706
2.87772633870108
2.23539346044509
2.05345828233731
0.945116448194563
2.04890035810371
2.37969045881355
2.79304886660588
2.81903942086615
1.16499504769452
0.827090509698966
1.51869922491744
2.19519246342175
3.57460492380742
2.80592781033396
