"serie_arima"
0
0.262969156651269
0.155571519685936
0.66039853259418
1.48786581881363
1.65535982685329
-0.0964419282452387
-2.17778988210959
-4.11366749887041
-7.09633204840574
-9.12803345806386
-9.4783738250608
-7.15264964534258
-3.5607568424176
-0.741653796453157
-1.37965960602887
-5.16022149304921
-8.77924694585488
-8.53861745260211
-6.44874641323636
-4.4736824333199
-4.75704978563827
-7.51384349452498
-9.02171263974354
-9.21864007198159
-9.66958572519887
-9.91369861540615
-9.00163859520718
-7.26807263870142
-5.31100669846798
-4.99344610388028
-4.61849536118507
-4.50823219550439
-4.41715761435626
-3.06422299727997
-1.29686025964754
-0.503235480915625
0.577288602939014
0.636775538044874
-0.67415406249702
-1.39369554055899
-1.25514786269069
-0.853975569609467
-0.987127841815795
-2.16855926356393
-1.85079759634982
-2.66707209867498
-2.31376045586514
-2.69263586810438
-2.26350847917204
-3.04827628290558
-3.23522426436525
-3.65277057158494
-2.90175285801912
-2.77538906953566
-1.92848570038012
-0.92559360958034
-0.697498412350833
-1.48244495829988
-3.58496543243522
-4.90409429892627
-5.14890438339348
-2.76328852873398
-0.635255040544423
-0.033416802964743
-0.427423151044518
-1.68132277078138
-2.52328899078376
-2.45771598385907
-0.773333665204603
1.98179044067959
5.55214195890535
5.06283533791421
3.4446679582825
2.17827504326684
1.90646632574121
2.58854347853942
4.55593302282035
6.88986774334331
7.17780640989679
6.39634827010275
6.17525548985451
6.16350403139591
7.4817652837077
9.24317044135417
10.9051343719438
11.4635197048902
10.9692536195474
9.86016066292892
9.77105986157385
8.7392724634023
8.80503018453494
11.096390341569
11.9459679680816
9.92949699835429
7.29846522441174
5.27096216945384
3.49869976505239
5.01085682225953
7.02694795410664
7.50867368983289
7.6403496271859
7.78246637018732
8.88165738190442
11.3124263604709
13.5192748104546
14.435680421231
14.7511124553268
12.7563865088805
10.3218232071324
8.37590167487181
6.93870466408652
7.93204287935778
7.94364487201544
9.12539475824198
8.55652942889872
6.92383049437153
5.23637338489938
4.99811015823053
4.55878684418906
5.2533612992581
5.71461583480091
5.38486363055702
5.18074603679535
6.58115000273168
7.55726827742387
7.72072886622939
7.57923408979847
9.29814229588857
10.2674181661229
9.80001003339988
10.0161549060471
9.56553534176096
9.91516434816146
8.79056760575246
8.87090663939276
9.96465337056769
10.4319872881285
10.1133490396365
9.90798620886046
11.4550163918331
13.8324107014475
15.291400760438
16.5979083780454
17.2477218773791
18.0837463020318
16.6346396369126
14.7006358423893
14.611126702532
17.0581704134447
19.3856502335797
20.5042489279816
20.7495983211872
20.9758309816378
20.4755487489705
18.7326883925077
16.208139833274
13.5805355256616
13.121362801481
15.4142889169928
17.0860468924253
17.4081477740384
17.2632273924501
17.1398195382057
18.8721288681578
21.4304102751773
23.9685521689787
26.1386398643311
26.8978937804944
26.6577596640395
24.8804989578115
24.2583613184154
23.4823905211689
21.5475143367468
19.2467777583436
18.4490594488887
17.1868050860319
16.7926326669984
17.962060827119
18.0147663546426
18.5041901029347
18.4871334506274
17.1432024816749
16.7853433488675
16.3045311772603
18.4656221613238
19.7665759292837
20.7354715571771
19.0883771141491
17.7736595819988
16.7794386008949
17.3815032612124
17.345325220801
16.534967785939
13.5948904245607
10.4377183943689
10.20748650579
10.7984300623159
10.9199837965056
11.5685640162593
13.8978739288643
14.8149175388545
17.0517711438934
19.3042094771896
19.3439849827669
18.2582362066306
17.9001339415112
16.3599814810035
15.2545057681122
15.321495661329
15.3509538514048
17.3135838405434
18.9286632719748
19.5033121118365
19.0523350508882
18.1773225402487
20.6348931161875
21.0985844077978
19.5944511370527
17.1024236101206
16.3317549403355
16.9410278153215
16.9116600574051
16.7656861754089
15.5807977646824
13.1460564491673
10.9756681986619
10.1163087801607
11.9770835014971
14.0854831416677
16.2210622455835
17.620062761063
16.1299372489667
14.0936203162863
14.3053217612247
14.9950294909512
14.4160697257898
13.232529046967
13.4801474792243
14.8730118132969
15.1244646397854
15.9646102187333
16.6891974036632
17.0821496626725
16.5339887971534
16.0046826474359
16.0236255297795
15.625205556319
16.1591149996329
17.1586233925405
17.4944860127703
16.6622467045871
16.1517893163196
15.5297416030371
17.1969879726582
17.7334013426188
16.617235354846
15.9634090780854
15.6002636683589
16.8346414211953
19.5103003025143
23.2800751423356
22.4378179395742
18.5912807875885
15.2740000073928
13.8002670650128
14.6164060290032
16.2266373912983
18.1114019750766
18.9034740844424
19.8877307401874
20.8821777703459
21.5690421771537
21.9751654472614
22.2305412396901
23.0989745678697
25.3660608066107
26.5589612382263
25.484808202407
23.5482841678786
22.413580587802
22.7403582034436
23.74735445096
24.9385480968659
25.691740470753
26.111235347297
25.9433419332064
24.9487024467839
23.2541905201801
19.7633266827198
18.1123791938535
18.7144624178949
19.7077284812192
20.4570936466386
20.0099956720764
21.0939309510793
21.4450373751536
21.7681542565333
21.3494274164381
22.073809920746
23.8744047345333
25.0589937592222
24.5092621888869
22.580719317502
21.7100719388666
22.2689500156662
21.8460830480963
21.0464455069364
20.35268246737
20.4404420901351
19.1545382615901
19.0583935687946
19.5020968889768
19.2384826390927
19.2907909612347
20.2374734015223
21.623785758536
21.8021462878815
23.2740623219882
23.5007632278229
22.3714873793001
22.0137612168998
23.8450664563246
25.098575454908
24.5272415488043
23.4636467600904
22.3795792993045
21.1453493291168
21.4086393605223
23.0510465723384
24.1738280235429
23.2177343683194
21.9359459749281
22.4090558452874
20.7829224764544
20.7378436289279
19.2475261040743
17.9861254935385
18.2751936382213
19.4184091559957
18.5842333623659
15.1808429994061
13.3510698193408
13.7368332800538
14.9821988107774
15.818697593169
15.2973166948966
16.2176025064185
18.8073722358387
19.3569046490315
17.9052682419071
14.5090297491394
12.434052180925
10.9723250259377
10.0404935198477
9.11297554306001
9.72185346832195
11.4347489738268
11.8813745214644
11.832400435547
11.3848236900492
10.9365608956635
10.8744463474372
9.61007540590163
7.49134854375353
7.02070147847073
8.01869233852766
8.83619627568357
9.05530048003151
8.6992971941498
6.80392942107982
4.46259761329778
2.67913774166567
1.88694408447697
0.682198626006906
-0.538141629149969
0.573423886536912
3.55304611218645
5.20400389007165
5.71531890076718
4.93136798476928
3.02952922216742
1.30176346594713
0.914622336842598
2.58369031623829
4.3266521799733
5.08383285058582
3.57048973755806
1.69754303109665
0.740134371386357
-0.283662685706365
-1.79431461328695
-2.37154070452211
-1.58432019925662
-1.19355679640837
-1.90202100640926
-2.80667016476734
-2.85510580706615
-1.38316485882323
-1.51019805117112
-2.4188334806498
-4.44034824317075
-6.3529589098884
-6.98919445142479
-5.98357114337992
-5.8040838716652
-6.08146030081577
-5.3061832681346
-2.38716637254298
-1.25959430627908
-0.522377004875021
-1.94297571743539
-3.70822770442432
-3.84502167550288
-2.51997303868434
-1.95187777572801
-2.53305890745002
-3.10119411872819
-3.23204638059025
-1.47314034778895
-0.329602670378088
1.05018226463636
0.860042041912005
2.14728246886007
3.78241385398737
3.51029790738426
2.35936226381434
2.11922620965326
1.39412451093234
1.45770179625502
1.41448921466729
0.600273623993648
0.807475287214177
2.68402426437602
6.10475159769764
8.00948037320128
7.18552319486081
6.46425476913589
7.32850255530752
6.8578172901802
5.24800484634269
5.68052647046378
6.13490901243811
6.55495051529066
6.86918046481243
8.35856838124712
9.82831270442217
10.5379668882512
9.43303261189802
9.39284806600668
8.76539671547672
7.04823809923641
6.00196910385763
4.95665902147224
5.57571878511693
5.19693600686167
4.257279516299
3.92270474549283
3.43454730501338
2.77118263925433
3.2940445985931
3.2974003025623
3.12500037747023
5.72347561352897
8.19523495314512
8.16124495094592
9.02002661885044
9.31430908465743
10.5696051832592
11.7064430150897
11.8054209167798
11.0491995094296
9.33788842336816
9.11229544840886
10.6483445465633
10.4932999400104
7.42672140471056
4.10807873993189
3.35201347530324
3.65095873625166
3.89817314564883
4.48639194845308
6.38619592710994
6.58133438870335
3.65630940368798
1.92638783593261
2.01591072959096
2.61324086319574
2.06718031081637
0.540787716235354
-1.98235160213869
-2.40078540495866
-0.435791734917405
1.25077311878534
3.34760829112216
3.3778157823572
2.01866166060521
2.53047421815483
5.12350435443559
6.19490364814092
6.14616909796644
6.76715169739277
5.59538092285284
4.33574109339227
4.09180548146007
4.95247802395381
5.74945649490567
4.69430180779524
2.23219055713989
-0.897545260337548
-0.387869571609466
1.99064904189317
2.81260874378787
0.571043130317022
-1.42238738889402
-1.65047871247854
-0.105142841928992
0.325022951415209
1.90429780968287
2.99194621757739
1.72883163134661
-0.983411919418322
-2.63010893454567
-3.80454771226706
-5.76681548032695
-7.00549326952845
-8.19408002131759
-8.93497978652121
-6.81146206030465
-4.49883095012584
-3.92855534429652
-5.79562823042362
-5.74853305254103
-4.54734421394081
-2.9745950286209
-1.28645223895456
-1.15384854067345
-2.57752414819458
-2.91136315363719
-2.28787872420979
-2.21413609763804
-2.96471586275065
-2.85312033506102
-1.77003939189449
0.998719701785661
3.41353752455879
4.57695413443907
3.57585860554316
1.79586061047804
1.900755446086
1.88940680046046
